#   H  PAMELA(2008/01-2008/02)
#   <E>  Elo  Eup   y   ystat_lo  ystat_up  ysyst_lo  ysyst_up  yerrtot_lo  yerrtot_up
8.806900e-02 8.200000e-02 9.500000e-02 1.028650e+03 3.322030e+01 3.322030e+01 1.048730e+02 8.836480e+01 1.100088e+02 9.440300e+01
9.918300e-02 9.500000e-02 1.050000e-01 1.094170e+03 3.323700e+01 3.323700e+01 1.068060e+02 9.273280e+01 1.118580e+02 9.850924e+01
1.082550e-01 1.000000e-01 1.100000e-01 1.165540e+03 2.960860e+01 2.960860e+01 1.100550e+02 9.778370e+01 1.139683e+02 1.021681e+02
1.181120e-01 1.100000e-01 1.200000e-01 1.243080e+03 3.064200e+01 3.064200e+01 1.135180e+02 1.032290e+02 1.175809e+02 1.076808e+02
1.288150e-01 1.200000e-01 1.300000e-01 1.312930e+03 2.803220e+01 2.803220e+01 1.159940e+02 1.079140e+02 1.193332e+02 1.114955e+02
1.404290e-01 1.300000e-01 1.500000e-01 1.344870e+03 2.644920e+01 2.644920e+01 1.160380e+02 1.094010e+02 1.190142e+02 1.125528e+02
1.530210e-01 1.500000e-01 1.600000e-01 1.417290e+03 2.565160e+01 2.565160e+01 1.198230e+02 1.140980e+02 1.225380e+02 1.169460e+02
1.666640e-01 1.600000e-01 1.700000e-01 1.525150e+03 2.499900e+01 2.499900e+01 1.263540e+02 1.215020e+02 1.288033e+02 1.240471e+02
1.814310e-01 1.700000e-01 1.900000e-01 1.581120e+03 2.370100e+01 2.370100e+01 1.284020e+02 1.246400e+02 1.305711e+02 1.268734e+02
1.974030e-01 1.900000e-01 2.100000e-01 1.583900e+03 2.187020e+01 2.187020e+01 1.261580e+02 1.235420e+02 1.280396e+02 1.254629e+02
2.146600e-01 2.100000e-01 2.200000e-01 1.615070e+03 2.066670e+01 2.066670e+01 1.266910e+02 1.246370e+02 1.283656e+02 1.263388e+02
2.332910e-01 2.200000e-01 2.400000e-01 1.707650e+03 2.030170e+01 2.030170e+01 1.319700e+02 1.303760e+02 1.335224e+02 1.319472e+02
2.533840e-01 2.400000e-01 2.600000e-01 1.784620e+03 2.000580e+01 2.000580e+01 1.359170e+02 1.347910e+02 1.373815e+02 1.362676e+02
2.750340e-01 2.600000e-01 2.900000e-01 1.797950e+03 1.861240e+01 1.861240e+01 1.352090e+02 1.343340e+02 1.364840e+02 1.356173e+02
2.983360e-01 2.900000e-01 3.100000e-01 1.777550e+03 1.783400e+01 1.783400e+01 1.320090e+02 1.313700e+02 1.332082e+02 1.325750e+02
3.233920e-01 3.100000e-01 3.400000e-01 1.799570e+03 1.709950e+01 1.709950e+01 1.319910e+02 1.315480e+02 1.330940e+02 1.326547e+02
3.503050e-01 3.400000e-01 3.600000e-01 1.788370e+03 1.642140e+01 1.642140e+01 1.296190e+02 1.292980e+02 1.306551e+02 1.303366e+02
3.791830e-01 3.600000e-01 3.900000e-01 1.771110e+03 1.560240e+01 1.560240e+01 1.268570e+02 1.266410e+02 1.278129e+02 1.275985e+02
4.101370e-01 3.900000e-01 4.300000e-01 1.755530e+03 1.464580e+01 1.464580e+01 1.242680e+02 1.241400e+02 1.251281e+02 1.250010e+02
4.432810e-01 4.300000e-01 4.600000e-01 1.784050e+03 1.425690e+01 1.425690e+01 1.248540e+02 1.247560e+02 1.256654e+02 1.255680e+02
4.787300e-01 4.600000e-01 5.000000e-01 1.695890e+03 1.328620e+01 1.328620e+01 1.173360e+02 1.172700e+02 1.180858e+02 1.180202e+02
5.166070e-01 5.000000e-01 5.400000e-01 1.648580e+03 1.260790e+01 1.260790e+01 1.127650e+02 1.127230e+02 1.134676e+02 1.134259e+02
5.570370e-01 5.400000e-01 5.800000e-01 1.651700e+03 1.210090e+01 1.210090e+01 1.117020e+02 1.116690e+02 1.123555e+02 1.123227e+02
6.001470e-01 5.800000e-01 6.200000e-01 1.569980e+03 9.830610e+00 9.830610e+00 1.049730e+02 1.049480e+02 1.054323e+02 1.054074e+02
6.460700e-01 6.200000e-01 6.700000e-01 1.515230e+03 9.249520e+00 9.249520e+00 1.001610e+02 1.001440e+02 1.005872e+02 1.005702e+02
6.949380e-01 6.700000e-01 7.200000e-01 1.440220e+03 8.644390e+00 8.644390e+00 9.412260e+01 9.410880e+01 9.451872e+01 9.450498e+01
7.468910e-01 7.200000e-01 7.700000e-01 1.364880e+03 8.075080e+00 8.075080e+00 8.818450e+01 8.817350e+01 8.855345e+01 8.854249e+01
8.020760e-01 7.700000e-01 8.300000e-01 1.319130e+03 7.617630e+00 7.617630e+00 8.425750e+01 8.424890e+01 8.460115e+01 8.459259e+01
8.606390e-01 8.300000e-01 8.900000e-01 1.241940e+03 7.093020e+00 7.093020e+00 7.842160e+01 7.841570e+01 7.874172e+01 7.873584e+01
9.227390e-01 8.900000e-01 9.600000e-01 1.172600e+03 6.614000e+00 6.614000e+00 7.319720e+01 7.319350e+01 7.349541e+01 7.349172e+01
9.885310e-01 9.600000e-01 1.020000e+00 1.118270e+03 6.197760e+00 6.197760e+00 6.900800e+01 6.900600e+01 6.928576e+01 6.928377e+01
1.058179e+00 1.020000e+00 1.090000e+00 1.049610e+03 5.762970e+00 5.762970e+00 6.403120e+01 6.403030e+01 6.429002e+01 6.428912e+01
1.131857e+00 1.090000e+00 1.170000e+00 9.785720e+02 5.342740e+00 5.342740e+00 5.901630e+01 5.901610e+01 5.925765e+01 5.925745e+01
1.209740e+00 1.170000e+00 1.250000e+00 9.206030e+02 4.984190e+00 4.984190e+00 5.488770e+01 5.488770e+01 5.511354e+01 5.511354e+01
1.292014e+00 1.250000e+00 1.340000e+00 8.570790e+02 4.627590e+00 4.627590e+00 5.051920e+01 5.051920e+01 5.073070e+01 5.073070e+01
1.378867e+00 1.340000e+00 1.420000e+00 7.864100e+02 4.272270e+00 4.272270e+00 4.582790e+01 4.582790e+01 4.602661e+01 4.602661e+01
1.470504e+00 1.420000e+00 1.520000e+00 7.324630e+02 3.975680e+00 3.975680e+00 4.220150e+01 4.220150e+01 4.238835e+01 4.238835e+01
1.567134e+00 1.520000e+00 1.620000e+00 6.826960e+02 3.705670e+00 3.705670e+00 3.889090e+01 3.889090e+01 3.906705e+01 3.906705e+01
1.668976e+00 1.620000e+00 1.720000e+00 6.252160e+02 3.422700e+00 3.422700e+00 3.521710e+01 3.521710e+01 3.538303e+01 3.538303e+01
1.776254e+00 1.720000e+00 1.830000e+00 5.769500e+02 3.176140e+00 3.176140e+00 3.213590e+01 3.213590e+01 3.229247e+01 3.229247e+01
1.889208e+00 1.830000e+00 1.950000e+00 5.299550e+02 2.942570e+00 2.942570e+00 2.919120e+01 2.919120e+01 2.933914e+01 2.933914e+01
2.008088e+00 1.950000e+00 2.070000e+00 4.858320e+02 2.724470e+00 2.724470e+00 2.646640e+01 2.646640e+01 2.660626e+01 2.660626e+01
2.133153e+00 2.070000e+00 2.200000e+00 4.461670e+02 2.524110e+00 2.524110e+00 2.404050e+01 2.404050e+01 2.417265e+01 2.417265e+01
2.264675e+00 2.200000e+00 2.330000e+00 4.073900e+02 2.333960e+00 2.333960e+00 2.171400e+01 2.171400e+01 2.183907e+01 2.183907e+01
2.402944e+00 2.330000e+00 2.480000e+00 3.720130e+02 2.159710e+00 2.159710e+00 1.961660e+01 1.961660e+01 1.973513e+01 1.973513e+01
2.548258e+00 2.480000e+00 2.620000e+00 3.370590e+02 1.990740e+00 1.990740e+00 1.758590e+01 1.758590e+01 1.769822e+01 1.769822e+01
2.700928e+00 2.620000e+00 2.780000e+00 3.091570e+02 1.845780e+00 1.845780e+00 1.596220e+01 1.596220e+01 1.606856e+01 1.606856e+01
2.861284e+00 2.780000e+00 2.940000e+00 2.831460e+02 1.710250e+00 1.710250e+00 1.446930e+01 1.446930e+01 1.457002e+01 1.457002e+01
3.029667e+00 2.940000e+00 3.120000e+00 2.512030e+02 1.559860e+00 1.559860e+00 1.270760e+01 1.270760e+01 1.280298e+01 1.280298e+01
3.206441e+00 3.120000e+00 3.300000e+00 2.293310e+02 1.443580e+00 1.443580e+00 1.150400e+01 1.150400e+01 1.159422e+01 1.159422e+01
3.391987e+00 3.300000e+00 3.490000e+00 2.082940e+02 1.332990e+00 1.332990e+00 1.039750e+01 1.039750e+01 1.048260e+01 1.048260e+01
3.586699e+00 3.490000e+00 3.690000e+00 1.893630e+02 1.230030e+00 1.230030e+00 9.406690e+00 9.406690e+00 9.486769e+00 9.486769e+00
3.896284e+00 3.690000e+00 4.120000e+00 1.616010e+02 7.697630e-01 7.697630e-01 7.969480e+00 7.969480e+00 8.006569e+00 8.006569e+00
4.345946e+00 4.120000e+00 4.590000e+00 1.312910e+02 6.519280e-01 6.519280e-01 6.414300e+00 6.414300e+00 6.447345e+00 6.447345e+00
4.840430e+00 4.590000e+00 5.110000e+00 1.048600e+02 5.474830e-01 5.474830e-01 5.076460e+00 5.076460e+00 5.105897e+00 5.105897e+00
5.383946e+00 5.110000e+00 5.680000e+00 8.556010e+01 4.647130e-01 4.647130e-01 4.105570e+00 4.105570e+00 4.131787e+00 4.131787e+00
5.981111e+00 5.680000e+00 6.300000e+00 6.707190e+01 3.864800e-01 3.864800e-01 3.190930e+00 3.190930e+00 3.214250e+00 3.214250e+00
6.637003e+00 6.300000e+00 6.990000e+00 5.401570e+01 3.258160e-01 3.258160e-01 2.548590e+00 2.548590e+00 2.569332e+00 2.569332e+00
7.357199e+00 6.990000e+00 7.740000e+00 4.279780e+01 2.723260e-01 2.723260e-01 2.003290e+00 2.003290e+00 2.021715e+00 2.021715e+00
8.147812e+00 7.740000e+00 8.570000e+00 3.381310e+01 2.273120e-01 2.273120e-01 1.570700e+00 1.570700e+00 1.587063e+00 1.587063e+00
9.015572e+00 8.570000e+00 9.480000e+00 2.645010e+01 1.884640e-01 1.884640e-01 1.219770e+00 1.219770e+00 1.234244e+00 1.234244e+00
9.967835e+00 9.480000e+00 1.048000e+01 2.115850e+01 1.580690e-01 1.580690e-01 9.751460e-01 9.751460e-01 9.878742e-01 9.878742e-01
1.101267e+01 1.048000e+01 1.157000e+01 1.670580e+01 1.315420e-01 1.315420e-01 7.699310e-01 7.699310e-01 7.810871e-01 7.810871e-01
1.215895e+01 1.157000e+01 1.277000e+01 1.312840e+01 1.089740e-01 1.089740e-01 6.050570e-01 6.050570e-01 6.147921e-01 6.147921e-01
1.341641e+01 1.277000e+01 1.409000e+01 1.012100e+01 8.950310e-02 8.950310e-02 4.664530e-01 4.664530e-01 4.749623e-01 4.749623e-01
1.479574e+01 1.409000e+01 1.554000e+01 7.999470e+00 7.423590e-02 7.423590e-02 3.686770e-01 3.686770e-01 3.760767e-01 3.760767e-01
1.630867e+01 1.554000e+01 1.712000e+01 6.293630e+00 6.132340e-02 6.132340e-02 2.900590e-01 2.900590e-01 2.964705e-01 2.964705e-01
1.796800e+01 1.712000e+01 1.886000e+01 4.798400e+00 4.969870e-02 4.969870e-02 2.211470e-01 2.211470e-01 2.266626e-01 2.266626e-01
1.978782e+01 1.886000e+01 2.076000e+01 3.678890e+00 4.079270e-02 4.079270e-02 1.695510e-01 1.695510e-01 1.743892e-01 1.743892e-01
2.178358e+01 2.076000e+01 2.285000e+01 2.916260e+00 3.446870e-02 3.446870e-02 1.344040e-01 1.344040e-01 1.387535e-01 1.387535e-01
2.397225e+01 2.285000e+01 2.515000e+01 2.248130e+00 2.889640e-02 2.889640e-02 1.036110e-01 1.036110e-01 1.075651e-01 1.075651e-01
2.637239e+01 2.515000e+01 2.766000e+01 1.771390e+00 2.452260e-02 2.452260e-02 8.163920e-02 8.163920e-02 8.524269e-02 8.524269e-02
2.900438e+01 2.766000e+01 3.042000e+01 1.340910e+00 2.036720e-02 2.036720e-02 6.179940e-02 6.179940e-02 6.506911e-02 6.506911e-02
3.189057e+01 3.042000e+01 3.344000e+01 1.036890e+00 1.711560e-02 1.711560e-02 4.778780e-02 4.778780e-02 5.076039e-02 5.076039e-02
3.505548e+01 3.344000e+01 3.675000e+01 7.947930e-01 1.431960e-02 1.431960e-02 3.663010e-02 3.663010e-02 3.932957e-02 3.932957e-02
3.852592e+01 3.675000e+01 4.039000e+01 6.431200e-01 1.231540e-02 1.231540e-02 2.963990e-02 2.963990e-02 3.209662e-02 3.209662e-02
4.233140e+01 4.039000e+01 4.437000e+01 4.824970e-01 1.019230e-02 1.019230e-02 2.223720e-02 2.223720e-02 2.446173e-02 2.446173e-02
4.650423e+01 4.437000e+01 4.874000e+01 3.521770e-01 8.325410e-03 8.325410e-03 1.623100e-02 1.623100e-02 1.824165e-02 1.824165e-02
