#   H  Balloon(1963/07)
#   <E>  Elo  Eup   y   ystat_lo  ystat_up  ysyst_lo  ysyst_up  yerrtot_lo  yerrtot_up
9.000000e-02 8.100000e-02 1.010000e-01 4.900000e+02 2.000000e+02 2.000000e+02 0.000000e+00 0.000000e+00 2.000000e+02 2.000000e+02
1.410000e-01 1.000000e-01 2.000000e-01 9.300000e+02 3.600000e+02 3.600000e+02 0.000000e+00 0.000000e+00 3.600000e+02 3.600000e+02
2.820000e-01 2.000000e-01 4.000000e-01 1.080000e+03 2.500000e+02 2.500000e+02 0.000000e+00 0.000000e+00 2.500000e+02 2.500000e+02
4.890000e-01 4.000000e-01 6.000000e-01 6.800000e+02 2.000000e+02 2.000000e+02 0.000000e+00 0.000000e+00 2.000000e+02 2.000000e+02
7.740000e-01 6.000000e-01 1.000000e+00 8.950000e+02 1.500000e+02 1.500000e+02 0.000000e+00 0.000000e+00 1.500000e+02 1.500000e+02
1.224000e+00 1.000000e+00 1.500000e+00 6.700000e+02 1.200000e+02 1.200000e+02 0.000000e+00 0.000000e+00 1.200000e+02 1.200000e+02
1.936000e+00 1.500000e+00 2.500000e+00 3.990000e+02 6.600000e+01 6.600000e+01 0.000000e+00 0.000000e+00 6.600000e+01 6.600000e+01
2.738000e+00 2.500000e+00 3.000000e+00 3.490000e+02 8.700000e+01 8.700000e+01 0.000000e+00 0.000000e+00 8.700000e+01 8.700000e+01
3.464000e+00 3.000000e+00 4.000000e+00 1.720000e+02 4.300000e+01 4.300000e+01 0.000000e+00 0.000000e+00 4.300000e+01 4.300000e+01
