#   H  PAMELA(2007/05-2007/06)
#   <E>  Elo  Eup   y   ystat_lo  ystat_up  ysyst_lo  ysyst_up  yerrtot_lo  yerrtot_up
8.806900e-02 8.200000e-02 9.500000e-02 8.525800e+02 2.116150e+01 2.116150e+01 8.685050e+01 7.315490e+01 8.939138e+01 7.615411e+01
9.918300e-02 9.500000e-02 1.050000e-01 9.855400e+02 2.080280e+01 2.080280e+01 9.611550e+01 8.342670e+01 9.834097e+01 8.598122e+01
1.082550e-01 1.000000e-01 1.100000e-01 1.017370e+03 1.910960e+01 1.910960e+01 9.597240e+01 8.524920e+01 9.785642e+01 8.736477e+01
1.181120e-01 1.100000e-01 1.200000e-01 1.062660e+03 1.858330e+01 1.858330e+01 9.694220e+01 8.813670e+01 9.870729e+01 9.007451e+01
1.288150e-01 1.200000e-01 1.300000e-01 1.130460e+03 1.752830e+01 1.752830e+01 9.976370e+01 9.279840e+01 1.012918e+02 9.443932e+01
1.404290e-01 1.300000e-01 1.500000e-01 1.177420e+03 1.663710e+01 1.663710e+01 1.014740e+02 9.565580e+01 1.028288e+02 9.709184e+01
1.530210e-01 1.500000e-01 1.600000e-01 1.233680e+03 1.596260e+01 1.596260e+01 1.041750e+02 9.918560e+01 1.053909e+02 1.004619e+02
1.666640e-01 1.600000e-01 1.700000e-01 1.299880e+03 1.539130e+01 1.539130e+01 1.075570e+02 1.034160e+02 1.086527e+02 1.045551e+02
1.814310e-01 1.700000e-01 1.900000e-01 1.355820e+03 1.468990e+01 1.468990e+01 1.099630e+02 1.067320e+02 1.109399e+02 1.077382e+02
1.974030e-01 1.900000e-01 2.100000e-01 1.393170e+03 1.375590e+01 1.375590e+01 1.108170e+02 1.085130e+02 1.116675e+02 1.093814e+02
2.146600e-01 2.100000e-01 2.200000e-01 1.434440e+03 1.310620e+01 1.310620e+01 1.123660e+02 1.105390e+02 1.131278e+02 1.113133e+02
2.332910e-01 2.200000e-01 2.400000e-01 1.512490e+03 1.280790e+01 1.280790e+01 1.167200e+02 1.153070e+02 1.174206e+02 1.160161e+02
2.533840e-01 2.400000e-01 2.600000e-01 1.583570e+03 1.260810e+01 1.260810e+01 1.204270e+02 1.194270e+02 1.210852e+02 1.200907e+02
2.750340e-01 2.600000e-01 2.900000e-01 1.608240e+03 1.186360e+01 1.186360e+01 1.207600e+02 1.199750e+02 1.213413e+02 1.205601e+02
2.983360e-01 2.900000e-01 3.100000e-01 1.594600e+03 1.133950e+01 1.133950e+01 1.182390e+02 1.176640e+02 1.187815e+02 1.182091e+02
3.233920e-01 3.100000e-01 3.400000e-01 1.613330e+03 1.085720e+01 1.085720e+01 1.181420e+02 1.177450e+02 1.186398e+02 1.182445e+02
3.503050e-01 3.400000e-01 3.600000e-01 1.626950e+03 1.048360e+01 1.048360e+01 1.177270e+02 1.174350e+02 1.181929e+02 1.179020e+02
3.791830e-01 3.600000e-01 3.900000e-01 1.640710e+03 1.005060e+01 1.005060e+01 1.173210e+02 1.171210e+02 1.177507e+02 1.175514e+02
4.101370e-01 3.900000e-01 4.300000e-01 1.640060e+03 9.543660e+00 9.543660e+00 1.158960e+02 1.157760e+02 1.162883e+02 1.161687e+02
4.432810e-01 4.300000e-01 4.600000e-01 1.628560e+03 9.139330e+00 9.139330e+00 1.137730e+02 1.136840e+02 1.141395e+02 1.140508e+02
4.787300e-01 4.600000e-01 5.000000e-01 1.595240e+03 8.665820e+00 8.665820e+00 1.101750e+02 1.101130e+02 1.105153e+02 1.104535e+02
5.166070e-01 5.000000e-01 5.400000e-01 1.550750e+03 8.214770e+00 8.214770e+00 1.058790e+02 1.058400e+02 1.061972e+02 1.061583e+02
5.570370e-01 5.400000e-01 5.800000e-01 1.509410e+03 7.766880e+00 7.766880e+00 1.018880e+02 1.018580e+02 1.021836e+02 1.021537e+02
6.001470e-01 5.800000e-01 6.200000e-01 1.442050e+03 8.269470e+00 8.269470e+00 9.623440e+01 9.621200e+01 9.658905e+01 9.656673e+01
6.460700e-01 6.200000e-01 6.700000e-01 1.405390e+03 7.818650e+00 7.818650e+00 9.271870e+01 9.270280e+01 9.304778e+01 9.303193e+01
6.949380e-01 6.700000e-01 7.200000e-01 1.364700e+03 7.385950e+00 7.385950e+00 8.900840e+01 8.899530e+01 8.931432e+01 8.930126e+01
7.468910e-01 7.200000e-01 7.700000e-01 1.298770e+03 6.913470e+00 6.913470e+00 8.374110e+01 8.373060e+01 8.402600e+01 8.401553e+01
8.020760e-01 7.700000e-01 8.300000e-01 1.238490e+03 6.478010e+00 6.478010e+00 7.894080e+01 7.893270e+01 7.920615e+01 7.919808e+01
8.606390e-01 8.300000e-01 8.900000e-01 1.189840e+03 6.092900e+00 6.092900e+00 7.497040e+01 7.496480e+01 7.521758e+01 7.521200e+01
9.227390e-01 8.900000e-01 9.600000e-01 1.129450e+03 5.693900e+00 5.693900e+00 7.034870e+01 7.034520e+01 7.057875e+01 7.057526e+01
9.885310e-01 9.600000e-01 1.020000e+00 1.060140e+03 5.290470e+00 5.290470e+00 6.527370e+01 6.527190e+01 6.548775e+01 6.548595e+01
1.058179e+00 1.020000e+00 1.090000e+00 9.990090e+02 4.926460e+00 4.926460e+00 6.080410e+01 6.080320e+01 6.100335e+01 6.100245e+01
1.131857e+00 1.090000e+00 1.170000e+00 9.412350e+02 4.588150e+00 4.588150e+00 5.663090e+01 5.663070e+01 5.681646e+01 5.681626e+01
1.209740e+00 1.170000e+00 1.250000e+00 8.811750e+02 4.267890e+00 4.267890e+00 5.241040e+01 5.241040e+01 5.258388e+01 5.258388e+01
1.292014e+00 1.250000e+00 1.340000e+00 8.154400e+02 3.948720e+00 3.948720e+00 4.794640e+01 4.794640e+01 4.810873e+01 4.810873e+01
1.378867e+00 1.340000e+00 1.420000e+00 7.598110e+02 3.672450e+00 3.672450e+00 4.416620e+01 4.416620e+01 4.431862e+01 4.431862e+01
1.470504e+00 1.420000e+00 1.520000e+00 7.072820e+02 3.415350e+00 3.415350e+00 4.064550e+01 4.064550e+01 4.078874e+01 4.078874e+01
1.567134e+00 1.520000e+00 1.620000e+00 6.524060e+02 3.166130e+00 3.166130e+00 3.706730e+01 3.706730e+01 3.720227e+01 3.720227e+01
1.668976e+00 1.620000e+00 1.720000e+00 6.062170e+02 2.944950e+00 2.944950e+00 3.405470e+01 3.405470e+01 3.418180e+01 3.418180e+01
1.776254e+00 1.720000e+00 1.830000e+00 5.571610e+02 2.726820e+00 2.726820e+00 3.094800e+01 3.094800e+01 3.106790e+01 3.106790e+01
1.889208e+00 1.830000e+00 1.950000e+00 5.114280e+02 2.524920e+00 2.524920e+00 2.809120e+01 2.809120e+01 2.820445e+01 2.820445e+01
2.008088e+00 1.950000e+00 2.070000e+00 4.743940e+02 2.351200e+00 2.351200e+00 2.576870e+01 2.576870e+01 2.587574e+01 2.587574e+01
2.133153e+00 2.070000e+00 2.200000e+00 4.300460e+02 2.163970e+00 2.163970e+00 2.310350e+01 2.310350e+01 2.320462e+01 2.320462e+01
2.264675e+00 2.200000e+00 2.330000e+00 3.972860e+02 2.012270e+00 2.012270e+00 2.111170e+01 2.111170e+01 2.120738e+01 2.120738e+01
2.402944e+00 2.330000e+00 2.480000e+00 3.619380e+02 1.859490e+00 1.859490e+00 1.902650e+01 1.902650e+01 1.911715e+01 1.911715e+01
2.548258e+00 2.480000e+00 2.620000e+00 3.277000e+02 1.712970e+00 1.712970e+00 1.704380e+01 1.704380e+01 1.712966e+01 1.712966e+01
2.700928e+00 2.620000e+00 2.780000e+00 3.040580e+02 1.596940e+00 1.596940e+00 1.564850e+01 1.564850e+01 1.572977e+01 1.572977e+01
2.861284e+00 2.780000e+00 2.940000e+00 2.751350e+02 1.470430e+00 1.470430e+00 1.401380e+01 1.401380e+01 1.409073e+01 1.409073e+01
3.029667e+00 2.940000e+00 3.120000e+00 2.502450e+02 1.357600e+00 1.357600e+00 1.261670e+01 1.261670e+01 1.268953e+01 1.268953e+01
3.206441e+00 3.120000e+00 3.300000e+00 2.273540e+02 1.253380e+00 1.253380e+00 1.136600e+01 1.136600e+01 1.143490e+01 1.143490e+01
3.391987e+00 3.300000e+00 3.490000e+00 2.056690e+02 1.155060e+00 1.155060e+00 1.023120e+01 1.023120e+01 1.029619e+01 1.029619e+01
3.586699e+00 3.490000e+00 3.690000e+00 1.844000e+02 1.058560e+00 1.058560e+00 9.128350e+00 9.128350e+00 9.189522e+00 9.189522e+00
3.896284e+00 3.690000e+00 4.120000e+00 1.592720e+02 6.665100e-01 6.665100e-01 7.826950e+00 7.826950e+00 7.855277e+00 7.855277e+00
4.345946e+00 4.120000e+00 4.590000e+00 1.299280e+02 5.656490e-01 5.656490e-01 6.324930e+00 6.324930e+00 6.350173e+00 6.350173e+00
4.840430e+00 4.590000e+00 5.110000e+00 1.049000e+02 4.776030e-01 4.776030e-01 5.059830e+00 5.059830e+00 5.082321e+00 5.082321e+00
5.383946e+00 5.110000e+00 5.680000e+00 8.381260e+01 4.012100e-01 4.012100e-01 4.006750e+00 4.006750e+00 4.026787e+00 4.026787e+00
5.981111e+00 5.680000e+00 6.300000e+00 6.678620e+01 3.364560e-01 3.364560e-01 3.165310e+00 3.165310e+00 3.183142e+00 3.183142e+00
6.637003e+00 6.300000e+00 6.990000e+00 5.366720e+01 2.835150e-01 2.835150e-01 2.522400e+00 2.522400e+00 2.538283e+00 2.538283e+00
7.357199e+00 6.990000e+00 7.740000e+00 4.279670e+01 2.378760e-01 2.378760e-01 1.995400e+00 1.995400e+00 2.009529e+00 2.009529e+00
8.147812e+00 7.740000e+00 8.570000e+00 3.399940e+01 1.991020e-01 1.991020e-01 1.573090e+00 1.573090e+00 1.585640e+00 1.585640e+00
9.015572e+00 8.570000e+00 9.480000e+00 2.658010e+01 1.650330e-01 1.650330e-01 1.220820e+00 1.220820e+00 1.231924e+00 1.231924e+00
9.967835e+00 9.480000e+00 1.048000e+01 2.119250e+01 1.381670e-01 1.381670e-01 9.727720e-01 9.727720e-01 9.825352e-01 9.825352e-01
1.101267e+01 1.048000e+01 1.157000e+01 1.658240e+01 1.144430e-01 1.144430e-01 7.611610e-01 7.611610e-01 7.697164e-01 7.697164e-01
1.215895e+01 1.157000e+01 1.277000e+01 1.301000e+01 9.473540e-02 9.473540e-02 5.971810e-01 5.971810e-01 6.046486e-01 6.046486e-01
1.341641e+01 1.277000e+01 1.409000e+01 1.037270e+01 7.914920e-02 7.914920e-02 4.761250e-01 4.761250e-01 4.826589e-01 4.826589e-01
1.479574e+01 1.409000e+01 1.554000e+01 8.061580e+00 6.509850e-02 6.509850e-02 3.700400e-01 3.700400e-01 3.757225e-01 3.757225e-01
1.630867e+01 1.554000e+01 1.712000e+01 6.257230e+00 5.340950e-02 5.340950e-02 2.872180e-01 2.872180e-01 2.921417e-01 2.921417e-01
1.796800e+01 1.712000e+01 1.886000e+01 4.881250e+00 4.378290e-02 4.378290e-02 2.240580e-01 2.240580e-01 2.282957e-01 2.282957e-01
1.978782e+01 1.886000e+01 2.076000e+01 3.794860e+00 3.623080e-02 3.623080e-02 1.741910e-01 1.741910e-01 1.779190e-01 1.779190e-01
2.178358e+01 2.076000e+01 2.285000e+01 2.966280e+00 3.044410e-02 3.044410e-02 1.361570e-01 1.361570e-01 1.395191e-01 1.395191e-01
2.397225e+01 2.285000e+01 2.515000e+01 2.281370e+00 2.549870e-02 2.549870e-02 1.047190e-01 1.047190e-01 1.077787e-01 1.077787e-01
2.637239e+01 2.515000e+01 2.766000e+01 1.784140e+00 2.156410e-02 2.156410e-02 8.189510e-02 8.189510e-02 8.468659e-02 8.468659e-02
2.900438e+01 2.766000e+01 3.042000e+01 1.382250e+00 1.812420e-02 1.812420e-02 6.344770e-02 6.344770e-02 6.598558e-02 6.598558e-02
3.189057e+01 3.042000e+01 3.344000e+01 1.044110e+00 1.505700e-02 1.505700e-02 4.792650e-02 4.792650e-02 5.023607e-02 5.023607e-02
3.505548e+01 3.344000e+01 3.675000e+01 8.165820e-01 1.272790e-02 1.272790e-02 3.748250e-02 3.748250e-02 3.958456e-02 3.958456e-02
3.852592e+01 3.675000e+01 4.039000e+01 6.086180e-01 1.050750e-02 1.050750e-02 2.793660e-02 2.793660e-02 2.984730e-02 2.984730e-02
4.233140e+01 4.039000e+01 4.437000e+01 4.814430e-01 8.930940e-03 8.930940e-03 2.209910e-02 2.209910e-02 2.383552e-02 2.383552e-02
4.650423e+01 4.437000e+01 4.874000e+01 3.592020e-01 7.376930e-03 7.376930e-03 1.648800e-02 1.648800e-02 1.806304e-02 1.806304e-02
