#   H  PAMELA(2006/08-2006/09)
#   <E>  Elo  Eup   y   ystat_lo  ystat_up  ysyst_lo  ysyst_up  yerrtot_lo  yerrtot_up
8.806900e-02 8.200000e-02 9.500000e-02 6.448920e+02 3.107260e+01 3.107260e+01 6.468560e+01 5.413360e+01 7.176164e+01 6.241757e+01
9.918300e-02 9.500000e-02 1.050000e-01 7.209620e+02 3.521250e+01 3.521250e+01 6.913420e+01 5.966890e+01 7.758516e+01 6.928418e+01
1.082550e-01 1.000000e-01 1.100000e-01 7.735060e+02 2.896010e+01 2.896010e+01 7.166030e+01 6.333940e+01 7.729092e+01 6.964601e+01
1.181120e-01 1.100000e-01 1.200000e-01 8.165040e+02 3.256350e+01 3.256350e+01 7.305830e+01 6.614660e+01 7.998685e+01 7.372757e+01
1.288150e-01 1.200000e-01 1.300000e-01 8.504620e+02 2.860660e+01 2.860660e+01 7.351510e+01 6.815680e+01 7.888477e+01 7.391676e+01
1.404290e-01 1.300000e-01 1.500000e-01 8.845170e+02 2.734550e+01 2.734550e+01 7.459100e+01 7.011820e+01 7.944554e+01 7.526180e+01
1.530210e-01 1.500000e-01 1.600000e-01 9.304050e+02 2.664320e+01 2.664320e+01 7.680500e+01 7.295120e+01 8.129495e+01 7.766426e+01
1.666640e-01 1.600000e-01 1.700000e-01 9.834190e+02 2.572880e+01 2.572880e+01 7.947170e+01 7.626050e+01 8.353276e+01 8.048376e+01
1.814310e-01 1.700000e-01 1.900000e-01 1.031440e+03 2.451790e+01 2.451790e+01 8.161960e+01 7.909910e+01 8.522257e+01 8.281180e+01
1.974030e-01 1.900000e-01 2.100000e-01 1.018150e+03 2.247590e+01 2.247590e+01 7.893790e+01 7.720950e+01 8.207532e+01 8.041438e+01
2.146600e-01 2.100000e-01 2.200000e-01 1.045290e+03 2.109500e+01 2.109500e+01 7.974520e+01 7.837790e+01 8.248816e+01 8.116708e+01
2.332910e-01 2.200000e-01 2.400000e-01 1.165280e+03 2.148740e+01 2.148740e+01 8.750700e+01 8.638740e+01 9.010651e+01 8.901961e+01
2.533840e-01 2.400000e-01 2.600000e-01 1.230190e+03 2.120900e+01 2.120900e+01 9.096120e+01 9.016150e+01 9.340108e+01 9.262245e+01
2.750340e-01 2.600000e-01 2.900000e-01 1.203090e+03 1.940600e+01 1.940600e+01 8.776940e+01 8.716510e+01 8.988916e+01 8.929920e+01
2.983360e-01 2.900000e-01 3.100000e-01 1.197470e+03 1.860740e+01 1.860740e+01 8.620220e+01 8.575740e+01 8.818761e+01 8.775287e+01
3.233920e-01 3.100000e-01 3.400000e-01 1.258550e+03 1.826950e+01 1.826950e+01 8.940510e+01 8.908540e+01 9.125265e+01 9.093945e+01
3.503050e-01 3.400000e-01 3.600000e-01 1.271410e+03 1.770030e+01 1.770030e+01 8.918040e+01 8.894430e+01 9.091999e+01 9.068842e+01
3.791830e-01 3.600000e-01 3.900000e-01 1.283940e+03 1.694090e+01 1.694090e+01 8.892700e+01 8.876510e+01 9.052627e+01 9.036723e+01
4.101370e-01 3.900000e-01 4.300000e-01 1.289770e+03 1.593590e+01 1.593590e+01 8.821100e+01 8.811360e+01 8.963891e+01 8.954306e+01
4.432810e-01 4.300000e-01 4.600000e-01 1.316280e+03 1.547280e+01 1.547280e+01 8.892940e+01 8.885500e+01 9.026542e+01 9.019212e+01
4.787300e-01 4.600000e-01 5.000000e-01 1.303190e+03 1.480170e+01 1.480170e+01 8.697160e+01 8.691900e+01 8.822216e+01 8.817031e+01
5.166070e-01 5.000000e-01 5.400000e-01 1.235940e+03 1.385340e+01 1.385340e+01 8.147440e+01 8.144200e+01 8.264378e+01 8.261184e+01
5.570370e-01 5.400000e-01 5.800000e-01 1.236760e+03 1.325270e+01 1.325270e+01 8.053630e+01 8.051050e+01 8.161942e+01 8.159396e+01
6.001470e-01 5.800000e-01 6.200000e-01 1.193230e+03 8.283060e+00 8.283060e+00 7.675200e+01 7.673280e+01 7.719766e+01 7.717857e+01
6.460700e-01 6.200000e-01 6.700000e-01 1.188230e+03 7.915160e+00 7.915160e+00 7.549210e+01 7.547810e+01 7.590591e+01 7.589198e+01
6.949380e-01 6.700000e-01 7.200000e-01 1.144350e+03 7.444780e+00 7.444780e+00 7.181060e+01 7.179910e+01 7.219548e+01 7.218404e+01
7.468910e-01 7.200000e-01 7.700000e-01 1.109010e+03 7.027830e+00 7.027830e+00 6.873410e+01 6.872480e+01 6.909245e+01 6.908320e+01
8.020760e-01 7.700000e-01 8.300000e-01 1.069970e+03 6.620180e+00 6.620180e+00 6.549300e+01 6.548570e+01 6.582674e+01 6.581948e+01
8.606390e-01 8.300000e-01 8.900000e-01 1.017560e+03 6.193500e+00 6.193500e+00 6.151030e+01 6.150530e+01 6.182133e+01 6.181635e+01
9.227390e-01 8.900000e-01 9.600000e-01 9.683930e+02 5.794850e+00 5.794850e+00 5.780800e+01 5.780490e+01 5.809772e+01 5.809464e+01
9.885310e-01 9.600000e-01 1.020000e+00 9.124940e+02 5.389670e+00 5.389670e+00 5.379010e+01 5.378840e+01 5.405944e+01 5.405775e+01
1.058179e+00 1.020000e+00 1.090000e+00 8.673800e+02 5.036440e+00 5.036440e+00 5.049030e+01 5.048960e+01 5.074087e+01 5.074018e+01
1.131857e+00 1.090000e+00 1.170000e+00 8.249050e+02 4.719820e+00 4.719820e+00 4.741570e+01 4.741550e+01 4.765003e+01 4.764983e+01
1.209740e+00 1.170000e+00 1.250000e+00 7.651900e+02 4.373620e+00 4.373620e+00 4.343130e+01 4.343130e+01 4.365096e+01 4.365096e+01
1.292014e+00 1.250000e+00 1.340000e+00 7.333100e+02 4.120550e+00 4.120550e+00 4.109930e+01 4.109930e+01 4.130534e+01 4.130534e+01
1.378867e+00 1.340000e+00 1.420000e+00 6.849580e+02 3.838980e+00 3.838980e+00 3.790740e+01 3.790740e+01 3.810130e+01 3.810130e+01
1.470504e+00 1.420000e+00 1.520000e+00 6.363800e+02 3.567540e+00 3.567540e+00 3.477700e+01 3.477700e+01 3.495951e+01 3.495951e+01
1.567134e+00 1.520000e+00 1.620000e+00 5.861020e+02 3.304920e+00 3.304920e+00 3.162810e+01 3.162810e+01 3.180030e+01 3.180030e+01
1.668976e+00 1.620000e+00 1.720000e+00 5.438900e+02 3.071690e+00 3.071690e+00 2.898310e+01 2.898310e+01 2.914542e+01 2.914542e+01
1.776254e+00 1.720000e+00 1.830000e+00 5.098490e+02 2.871610e+00 2.871610e+00 2.683030e+01 2.683030e+01 2.698353e+01 2.698353e+01
1.889208e+00 1.830000e+00 1.950000e+00 4.648520e+02 2.649090e+00 2.649090e+00 2.415850e+01 2.415850e+01 2.430331e+01 2.430331e+01
2.008088e+00 1.950000e+00 2.070000e+00 4.307480e+02 2.464740e+00 2.464740e+00 2.210930e+01 2.210930e+01 2.224626e+01 2.224626e+01
2.133153e+00 2.070000e+00 2.200000e+00 4.009530e+02 2.297700e+00 2.297700e+00 2.032700e+01 2.032700e+01 2.045645e+01 2.045645e+01
2.264675e+00 2.200000e+00 2.330000e+00 3.627870e+02 2.114240e+00 2.114240e+00 1.816750e+01 1.816750e+01 1.829011e+01 1.829011e+01
2.402944e+00 2.330000e+00 2.480000e+00 3.317690e+02 1.957080e+00 1.957080e+00 1.641300e+01 1.641300e+01 1.652927e+01 1.652927e+01
2.548258e+00 2.480000e+00 2.620000e+00 3.116680e+02 1.836290e+00 1.836290e+00 1.523360e+01 1.523360e+01 1.534388e+01 1.534388e+01
2.700928e+00 2.620000e+00 2.780000e+00 2.820990e+02 1.690760e+00 1.690760e+00 1.362460e+01 1.362460e+01 1.372911e+01 1.372911e+01
2.861284e+00 2.780000e+00 2.940000e+00 2.542160e+02 1.553300e+00 1.553300e+00 1.213400e+01 1.213400e+01 1.223302e+01 1.223302e+01
3.029667e+00 2.940000e+00 3.120000e+00 2.319650e+02 1.436130e+00 1.436130e+00 1.094390e+01 1.094390e+01 1.103773e+01 1.103773e+01
3.206441e+00 3.120000e+00 3.300000e+00 2.145430e+02 1.337270e+00 1.337270e+00 1.002440e+01 1.002440e+01 1.011320e+01 1.011320e+01
3.391987e+00 3.300000e+00 3.490000e+00 1.916080e+02 1.224000e+00 1.224000e+00 8.902220e+00 8.902220e+00 8.985972e+00 8.985972e+00
3.586699e+00 3.490000e+00 3.690000e+00 1.750550e+02 1.131920e+00 1.131920e+00 8.087640e+00 8.087640e+00 8.166466e+00 8.166466e+00
3.896284e+00 3.690000e+00 4.120000e+00 1.513050e+02 7.126860e-01 7.126860e-01 6.931830e+00 6.931830e+00 6.968371e+00 6.968371e+00
4.345946e+00 4.120000e+00 4.590000e+00 1.235520e+02 6.045190e-01 6.045190e-01 5.599120e+00 5.599120e+00 5.631659e+00 5.631659e+00
4.840430e+00 4.590000e+00 5.110000e+00 1.005610e+02 5.118060e-01 5.118060e-01 4.509060e+00 4.509060e+00 4.538014e+00 4.538014e+00
5.383946e+00 5.110000e+00 5.680000e+00 8.113020e+01 4.313120e-01 4.313120e-01 3.600360e+00 3.600360e+00 3.626103e+00 3.626103e+00
5.981111e+00 5.680000e+00 6.300000e+00 6.441460e+01 3.604040e-01 3.604040e-01 2.829990e+00 2.829990e+00 2.852847e+00 2.852847e+00
6.637003e+00 6.300000e+00 6.990000e+00 5.191140e+01 3.037140e-01 3.037140e-01 2.258610e+00 2.258610e+00 2.278939e+00 2.278939e+00
7.357199e+00 6.990000e+00 7.740000e+00 4.151840e+01 2.548990e-01 2.548990e-01 1.789560e+00 1.789560e+00 1.807622e+00 1.807622e+00
8.147812e+00 7.740000e+00 8.570000e+00 3.293260e+01 2.129260e-01 2.129260e-01 1.406760e+00 1.406760e+00 1.422783e+00 1.422783e+00
9.015572e+00 8.570000e+00 9.480000e+00 2.615400e+01 1.776380e-01 1.776380e-01 1.107620e+00 1.107620e+00 1.121774e+00 1.121774e+00
9.967835e+00 9.480000e+00 1.048000e+01 2.071890e+01 1.480260e-01 1.480260e-01 8.768080e-01 8.768080e-01 8.892154e-01 8.892154e-01
1.101267e+01 1.048000e+01 1.157000e+01 1.624330e+01 1.225560e-01 1.225560e-01 6.874040e-01 6.874040e-01 6.982437e-01 6.982437e-01
1.215895e+01 1.157000e+01 1.277000e+01 1.285600e+01 1.017940e-01 1.017940e-01 5.440560e-01 5.440560e-01 5.534970e-01 5.534970e-01
1.341641e+01 1.277000e+01 1.409000e+01 1.009620e+01 8.428690e-02 8.428690e-02 4.272630e-01 4.272630e-01 4.354974e-01 4.354974e-01
1.479574e+01 1.409000e+01 1.554000e+01 7.860380e+00 6.932230e-02 6.932230e-02 3.326450e-01 3.326450e-01 3.397915e-01 3.397915e-01
1.630867e+01 1.554000e+01 1.712000e+01 6.301200e+00 5.780750e-02 5.780750e-02 2.666620e-01 2.666620e-01 2.728559e-01 2.728559e-01
1.796800e+01 1.712000e+01 1.886000e+01 4.877550e+00 4.721570e-02 4.721570e-02 2.064140e-01 2.064140e-01 2.117453e-01 2.117453e-01
1.978782e+01 1.886000e+01 2.076000e+01 3.810290e+00 3.903890e-02 3.903890e-02 1.612490e-01 1.612490e-01 1.659074e-01 1.659074e-01
2.178358e+01 2.076000e+01 2.285000e+01 2.938460e+00 3.255400e-02 3.255400e-02 1.243530e-01 1.243530e-01 1.285435e-01 1.285435e-01
2.397225e+01 2.285000e+01 2.515000e+01 2.289060e+00 2.744710e-02 2.744710e-02 9.687120e-02 9.687120e-02 1.006845e-01 1.006845e-01
2.637239e+01 2.515000e+01 2.766000e+01 1.797010e+00 2.326120e-02 2.326120e-02 7.604810e-02 7.604810e-02 7.952608e-02 7.952608e-02
2.900438e+01 2.766000e+01 3.042000e+01 1.379690e+00 1.946700e-02 1.946700e-02 5.838740e-02 5.838740e-02 6.154716e-02 6.154716e-02
3.189057e+01 3.042000e+01 3.344000e+01 1.041190e+00 1.616800e-02 1.616800e-02 4.406240e-02 4.406240e-02 4.693505e-02 4.693505e-02
3.505548e+01 3.344000e+01 3.675000e+01 7.972270e-01 1.352610e-02 1.352610e-02 3.373800e-02 3.373800e-02 3.634843e-02 3.634843e-02
3.852592e+01 3.675000e+01 4.039000e+01 6.320910e-01 1.151920e-02 1.151920e-02 2.674960e-02 2.674960e-02 2.912444e-02 2.912444e-02
4.233140e+01 4.039000e+01 4.437000e+01 4.860250e-01 9.655080e-03 9.655080e-03 2.056820e-02 2.056820e-02 2.272161e-02 2.272161e-02
4.650423e+01 4.437000e+01 4.874000e+01 3.527520e-01 7.867660e-03 7.867660e-03 1.492820e-02 1.492820e-02 1.687457e-02 1.687457e-02
