#   H  PAMELA(2008/04-2008/05)
#   <E>  Elo  Eup   y   ystat_lo  ystat_up  ysyst_lo  ysyst_up  yerrtot_lo  yerrtot_up
8.806900e-02 8.200000e-02 9.500000e-02 1.066230e+03 3.677730e+01 3.677730e+01 1.108580e+02 9.413990e+01 1.167993e+02 1.010687e+02
9.918300e-02 9.500000e-02 1.050000e-01 1.105680e+03 3.494100e+01 3.494100e+01 1.102600e+02 9.638420e+01 1.156639e+02 1.025221e+02
1.082550e-01 1.000000e-01 1.100000e-01 1.186870e+03 3.246900e+01 3.246900e+01 1.146550e+02 1.024740e+02 1.191638e+02 1.074949e+02
1.181120e-01 1.100000e-01 1.200000e-01 1.307600e+03 3.311050e+01 3.311050e+01 1.223520e+02 1.118150e+02 1.267530e+02 1.166143e+02
1.288150e-01 1.200000e-01 1.300000e-01 1.379800e+03 3.079050e+01 3.079050e+01 1.251090e+02 1.168500e+02 1.288422e+02 1.208386e+02
1.404290e-01 1.300000e-01 1.500000e-01 1.379440e+03 2.869350e+01 2.869350e+01 1.223020e+02 1.156870e+02 1.256228e+02 1.191923e+02
1.530210e-01 1.500000e-01 1.600000e-01 1.396050e+03 2.717450e+01 2.717450e+01 1.214140e+02 1.159400e+02 1.244179e+02 1.190821e+02
1.666640e-01 1.600000e-01 1.700000e-01 1.458920e+03 2.609430e+01 2.609430e+01 1.244770e+02 1.199750e+02 1.271827e+02 1.227799e+02
1.814310e-01 1.700000e-01 1.900000e-01 1.547690e+03 2.516140e+01 2.516140e+01 1.295910e+02 1.260230e+02 1.320111e+02 1.285103e+02
1.974030e-01 1.900000e-01 2.100000e-01 1.584820e+03 2.356490e+01 2.356490e+01 1.303050e+02 1.277710e+02 1.324186e+02 1.299259e+02
2.146600e-01 2.100000e-01 2.200000e-01 1.588820e+03 2.203040e+01 2.203040e+01 1.287770e+02 1.268230e+02 1.306478e+02 1.287222e+02
2.332910e-01 2.200000e-01 2.400000e-01 1.666600e+03 2.150250e+01 2.150250e+01 1.332090e+02 1.317050e+02 1.349333e+02 1.334487e+02
2.533840e-01 2.400000e-01 2.600000e-01 1.751340e+03 2.123820e+01 2.123820e+01 1.380840e+02 1.370170e+02 1.397077e+02 1.386532e+02
2.750340e-01 2.600000e-01 2.900000e-01 1.764590e+03 1.979830e+01 1.979830e+01 1.374960e+02 1.366660e+02 1.389141e+02 1.380926e+02
2.983360e-01 2.900000e-01 3.100000e-01 1.754480e+03 1.901610e+01 1.901610e+01 1.351220e+02 1.345130e+02 1.364535e+02 1.358505e+02
3.233920e-01 3.100000e-01 3.400000e-01 1.767900e+03 1.816780e+01 1.816780e+01 1.345890e+02 1.341700e+02 1.358097e+02 1.353945e+02
3.503050e-01 3.400000e-01 3.600000e-01 1.746600e+03 1.736940e+01 1.736940e+01 1.315090e+02 1.312070e+02 1.326511e+02 1.323517e+02
3.791830e-01 3.600000e-01 3.900000e-01 1.723040e+03 1.648380e+01 1.648380e+01 1.283210e+02 1.281190e+02 1.293754e+02 1.291751e+02
4.101370e-01 3.900000e-01 4.300000e-01 1.692400e+03 1.542510e+01 1.542510e+01 1.246740e+02 1.245550e+02 1.256246e+02 1.255065e+02
4.432810e-01 4.300000e-01 4.600000e-01 1.745310e+03 1.514060e+01 1.514060e+01 1.272250e+02 1.271340e+02 1.281227e+02 1.280324e+02
4.787300e-01 4.600000e-01 5.000000e-01 1.725380e+03 1.442390e+01 1.442390e+01 1.244560e+02 1.243920e+02 1.252890e+02 1.252255e+02
5.166070e-01 5.000000e-01 5.400000e-01 1.607740e+03 1.333520e+01 1.333520e+01 1.147570e+02 1.147180e+02 1.155292e+02 1.154905e+02
5.570370e-01 5.400000e-01 5.800000e-01 1.540700e+03 1.248770e+01 1.248770e+01 1.088320e+02 1.088020e+02 1.095461e+02 1.095163e+02
6.001470e-01 5.800000e-01 6.200000e-01 1.533500e+03 1.218370e+01 1.218370e+01 1.071990e+02 1.071760e+02 1.078891e+02 1.078663e+02
6.460700e-01 6.200000e-01 6.700000e-01 1.473590e+03 1.143760e+01 1.143760e+01 1.019410e+02 1.019250e+02 1.025806e+02 1.025647e+02
6.949380e-01 6.700000e-01 7.200000e-01 1.432570e+03 1.080680e+01 1.080680e+01 9.807700e+01 9.806390e+01 9.867059e+01 9.865757e+01
7.468910e-01 7.200000e-01 7.700000e-01 1.367130e+03 1.012810e+01 1.012810e+01 9.262740e+01 9.261690e+01 9.317947e+01 9.316903e+01
8.020760e-01 7.700000e-01 8.300000e-01 1.305030e+03 9.489870e+00 9.489870e+00 8.750430e+01 8.749620e+01 8.801739e+01 8.800933e+01
8.606390e-01 8.300000e-01 8.900000e-01 1.241490e+03 8.875540e+00 8.875540e+00 8.238200e+01 8.237640e+01 8.285873e+01 8.285316e+01
9.227390e-01 8.900000e-01 9.600000e-01 1.146790e+03 8.179940e+00 8.179940e+00 7.531110e+01 7.530770e+01 7.575403e+01 7.575065e+01
9.885310e-01 9.600000e-01 1.020000e+00 1.090890e+03 7.640430e+00 7.640430e+00 7.090080e+01 7.089900e+01 7.131129e+01 7.130950e+01
1.058179e+00 1.020000e+00 1.090000e+00 1.024730e+03 7.113230e+00 7.113230e+00 6.591540e+01 6.591460e+01 6.629810e+01 6.629730e+01
1.131857e+00 1.090000e+00 1.170000e+00 9.621460e+02 6.634410e+00 6.634410e+00 6.125480e+01 6.125460e+01 6.161303e+01 6.161283e+01
1.209740e+00 1.170000e+00 1.250000e+00 8.971310e+02 6.171170e+00 6.171170e+00 5.653210e+01 5.653200e+01 5.686793e+01 5.686783e+01
1.292014e+00 1.250000e+00 1.340000e+00 8.311200e+02 5.722890e+00 5.722890e+00 5.183960e+01 5.183960e+01 5.215454e+01 5.215454e+01
1.378867e+00 1.340000e+00 1.420000e+00 7.789340e+02 5.345080e+00 5.345080e+00 4.809270e+01 4.809270e+01 4.838882e+01 4.838882e+01
1.470504e+00 1.420000e+00 1.520000e+00 7.284500e+02 4.987870e+00 4.987870e+00 4.452290e+01 4.452290e+01 4.480142e+01 4.480142e+01
1.567134e+00 1.520000e+00 1.620000e+00 6.725940e+02 4.629590e+00 4.629590e+00 4.069770e+01 4.069770e+01 4.096017e+01 4.096017e+01
1.668976e+00 1.620000e+00 1.720000e+00 6.157500e+02 4.277060e+00 4.277060e+00 3.688800e+01 3.688800e+01 3.713513e+01 3.713513e+01
1.776254e+00 1.720000e+00 1.830000e+00 5.761780e+02 3.997860e+00 3.997860e+00 3.417720e+01 3.417720e+01 3.441023e+01 3.441023e+01
1.889208e+00 1.830000e+00 1.950000e+00 5.269200e+02 3.696860e+00 3.696860e+00 3.095020e+01 3.095020e+01 3.117020e+01 3.117020e+01
2.008088e+00 1.950000e+00 2.070000e+00 4.804010e+02 3.414500e+00 3.414500e+00 2.794500e+01 2.794500e+01 2.815283e+01 2.815283e+01
2.133153e+00 2.070000e+00 2.200000e+00 4.386560e+02 3.155340e+00 3.155340e+00 2.527280e+01 2.527280e+01 2.546901e+01 2.546901e+01
2.264675e+00 2.200000e+00 2.330000e+00 4.055700e+02 2.937070e+00 2.937070e+00 2.314600e+01 2.314600e+01 2.333160e+01 2.333160e+01
2.402944e+00 2.330000e+00 2.480000e+00 3.688330e+02 2.713080e+00 2.713080e+00 2.085340e+01 2.085340e+01 2.102915e+01 2.102915e+01
2.548258e+00 2.480000e+00 2.620000e+00 3.390830e+02 2.519870e+00 2.519870e+00 1.899550e+01 1.899550e+01 1.916191e+01 1.916191e+01
2.700928e+00 2.620000e+00 2.780000e+00 3.104140e+02 2.334740e+00 2.334740e+00 1.723250e+01 1.723250e+01 1.738994e+01 1.738994e+01
2.861284e+00 2.780000e+00 2.940000e+00 2.774990e+02 2.137670e+00 2.137670e+00 1.526870e+01 1.526870e+01 1.541761e+01 1.541761e+01
3.029667e+00 2.940000e+00 3.120000e+00 2.514180e+02 1.970660e+00 1.970660e+00 1.371350e+01 1.371350e+01 1.385437e+01 1.385437e+01
3.206441e+00 3.120000e+00 3.300000e+00 2.268770e+02 1.813800e+00 1.813800e+00 1.228580e+01 1.228580e+01 1.241897e+01 1.241897e+01
3.391987e+00 3.300000e+00 3.490000e+00 2.081830e+02 1.683960e+00 1.683960e+00 1.122610e+01 1.122610e+01 1.135170e+01 1.135170e+01
3.586699e+00 3.490000e+00 3.690000e+00 1.877630e+02 1.548150e+00 1.548150e+00 1.008290e+01 1.008290e+01 1.020106e+01 1.020106e+01
3.896284e+00 3.690000e+00 4.120000e+00 1.605650e+02 9.702040e-01 9.702040e-01 8.569010e+00 8.569010e+00 8.623760e+00 8.623760e+00
4.345946e+00 4.120000e+00 4.590000e+00 1.295680e+02 8.190950e-01 8.190950e-01 6.859710e+00 6.859710e+00 6.908440e+00 6.908440e+00
4.840430e+00 4.590000e+00 5.110000e+00 1.053930e+02 6.943550e-01 6.943550e-01 5.536680e+00 5.536680e+00 5.580050e+00 5.580050e+00
5.383946e+00 5.110000e+00 5.680000e+00 8.460280e+01 5.845620e-01 5.845620e-01 4.411210e+00 4.411210e+00 4.449774e+00 4.449774e+00
5.981111e+00 5.680000e+00 6.300000e+00 6.802900e+01 4.923070e-01 4.923070e-01 3.521400e+00 3.521400e+00 3.555647e+00 3.555647e+00
6.637003e+00 6.300000e+00 6.990000e+00 5.427400e+01 4.132750e-01 4.132750e-01 2.789840e+00 2.789840e+00 2.820284e+00 2.820284e+00
7.357199e+00 6.990000e+00 7.740000e+00 4.328280e+01 3.466900e-01 3.466900e-01 2.210010e+00 2.210010e+00 2.237038e+00 2.237038e+00
8.147812e+00 7.740000e+00 8.570000e+00 3.411930e+01 2.889950e-01 2.889950e-01 1.731000e+00 1.731000e+00 1.754958e+00 1.754958e+00
9.015572e+00 8.570000e+00 9.480000e+00 2.721770e+01 2.419000e-01 2.419000e-01 1.372470e+00 1.372470e+00 1.393625e+00 1.393625e+00
9.967835e+00 9.480000e+00 1.048000e+01 2.130100e+01 2.005650e-01 2.005650e-01 1.073570e+00 1.073570e+00 1.092144e+00 1.092144e+00
1.101267e+01 1.048000e+01 1.157000e+01 1.668450e+01 1.661320e-01 1.661320e-01 8.408980e-01 8.408980e-01 8.571518e-01 8.571518e-01
1.215895e+01 1.157000e+01 1.277000e+01 1.302550e+01 1.370710e-01 1.370710e-01 6.564840e-01 6.564840e-01 6.706413e-01 6.706413e-01
1.341641e+01 1.277000e+01 1.409000e+01 1.031450e+01 1.139980e-01 1.139980e-01 5.198500e-01 5.198500e-01 5.322026e-01 5.322026e-01
1.479574e+01 1.409000e+01 1.554000e+01 7.958890e+00 9.331480e-02 9.331480e-02 4.011280e-01 4.011280e-01 4.118390e-01 4.118390e-01
1.630867e+01 1.554000e+01 1.712000e+01 6.219660e+00 7.667540e-02 7.667540e-02 3.134700e-01 3.134700e-01 3.227113e-01 3.227113e-01
1.796800e+01 1.712000e+01 1.886000e+01 4.987260e+00 6.359180e-02 6.359180e-02 2.513580e-01 2.513580e-01 2.592774e-01 2.592774e-01
1.978782e+01 1.886000e+01 2.076000e+01 3.770140e+00 5.171860e-02 5.171860e-02 1.900150e-01 1.900150e-01 1.969277e-01 1.969277e-01
2.178358e+01 2.076000e+01 2.285000e+01 2.861560e+00 4.267390e-02 4.267390e-02 1.442220e-01 1.442220e-01 1.504029e-01 1.504029e-01
2.397225e+01 2.285000e+01 2.515000e+01 2.300320e+00 3.651450e-02 3.651450e-02 1.159360e-01 1.159360e-01 1.215503e-01 1.215503e-01
2.637239e+01 2.515000e+01 2.766000e+01 1.713940e+00 3.011950e-02 3.011950e-02 8.638250e-02 8.638250e-02 9.148290e-02 9.148290e-02
2.900438e+01 2.766000e+01 3.042000e+01 1.324810e+00 2.526560e-02 2.526560e-02 6.677030e-02 6.677030e-02 7.139064e-02 7.139064e-02
3.189057e+01 3.042000e+01 3.344000e+01 1.059100e+00 2.157990e-02 2.157990e-02 5.337860e-02 5.337860e-02 5.757575e-02 5.757575e-02
3.505548e+01 3.344000e+01 3.675000e+01 7.981510e-01 1.789460e-02 1.789460e-02 4.022680e-02 4.022680e-02 4.402740e-02 4.402740e-02
3.852592e+01 3.675000e+01 4.039000e+01 6.432940e-01 1.535570e-02 1.535570e-02 3.242200e-02 3.242200e-02 3.587455e-02 3.587455e-02
4.233140e+01 4.039000e+01 4.437000e+01 4.775920e-01 1.263840e-02 1.263840e-02 2.407060e-02 2.407060e-02 2.718682e-02 2.718682e-02
4.650423e+01 4.437000e+01 4.874000e+01 3.399220e-01 1.019100e-02 1.019100e-02 1.713200e-02 1.713200e-02 1.993394e-02 1.993394e-02
