#   H  PAMELA(2007/06-2007/07)
#   <E>  Elo  Eup   y   ystat_lo  ystat_up  ysyst_lo  ysyst_up  yerrtot_lo  yerrtot_up
8.806900e-02 8.200000e-02 9.500000e-02 9.647600e+02 3.373580e+01 3.373580e+01 9.840350e+01 8.292930e+01 1.040257e+02 8.952862e+01
9.918300e-02 9.500000e-02 1.050000e-01 9.874060e+02 3.340750e+01 3.340750e+01 9.643160e+01 8.373920e+01 1.020545e+02 9.015717e+01
1.082550e-01 1.000000e-01 1.100000e-01 1.035610e+03 2.950200e+01 2.950200e+01 9.783840e+01 8.694120e+01 1.021896e+02 9.181035e+01
1.181120e-01 1.100000e-01 1.200000e-01 1.095820e+03 3.043830e+01 3.043830e+01 1.001260e+02 9.106200e+01 1.046504e+02 9.601447e+01
1.288150e-01 1.200000e-01 1.300000e-01 1.176650e+03 2.805700e+01 2.805700e+01 1.040170e+02 9.677990e+01 1.077345e+02 1.007648e+02
1.404290e-01 1.300000e-01 1.500000e-01 1.241580e+03 2.692630e+01 2.692630e+01 1.071940e+02 1.010710e+02 1.105241e+02 1.045962e+02
1.530210e-01 1.500000e-01 1.600000e-01 1.285380e+03 2.583060e+01 2.583060e+01 1.087420e+02 1.035540e+02 1.117678e+02 1.067270e+02
1.666640e-01 1.600000e-01 1.700000e-01 1.330480e+03 2.465440e+01 2.465440e+01 1.103020e+02 1.060720e+02 1.130238e+02 1.088995e+02
1.814310e-01 1.700000e-01 1.900000e-01 1.388380e+03 2.347250e+01 2.347250e+01 1.128300e+02 1.095290e+02 1.152457e+02 1.120159e+02
1.974030e-01 1.900000e-01 2.100000e-01 1.417400e+03 2.187690e+01 2.187690e+01 1.129800e+02 1.106410e+02 1.150786e+02 1.127831e+02
2.146600e-01 2.100000e-01 2.200000e-01 1.440540e+03 2.058690e+01 2.058690e+01 1.130870e+02 1.112560e+02 1.149456e+02 1.131447e+02
2.332910e-01 2.200000e-01 2.400000e-01 1.528780e+03 2.025990e+01 2.025990e+01 1.182400e+02 1.168140e+02 1.199632e+02 1.185579e+02
2.533840e-01 2.400000e-01 2.600000e-01 1.630250e+03 2.017230e+01 2.017230e+01 1.242610e+02 1.232330e+02 1.258877e+02 1.248731e+02
2.750340e-01 2.600000e-01 2.900000e-01 1.660050e+03 1.887260e+01 1.887260e+01 1.249430e+02 1.241350e+02 1.263603e+02 1.255614e+02
2.983360e-01 2.900000e-01 3.100000e-01 1.652490e+03 1.814920e+01 1.814920e+01 1.228270e+02 1.222320e+02 1.241606e+02 1.235721e+02
3.233920e-01 3.100000e-01 3.400000e-01 1.696270e+03 1.752190e+01 1.752190e+01 1.245230e+02 1.241060e+02 1.257497e+02 1.253368e+02
3.503050e-01 3.400000e-01 3.600000e-01 1.700710e+03 1.690860e+01 1.690860e+01 1.233760e+02 1.230710e+02 1.245293e+02 1.242271e+02
3.791830e-01 3.600000e-01 3.900000e-01 1.669780e+03 1.598920e+01 1.598920e+01 1.197090e+02 1.195050e+02 1.207721e+02 1.205699e+02
4.101370e-01 3.900000e-01 4.300000e-01 1.643160e+03 1.497540e+01 1.497540e+01 1.164230e+02 1.163030e+02 1.173822e+02 1.172632e+02
4.432810e-01 4.300000e-01 4.600000e-01 1.660070e+03 1.450700e+01 1.450700e+01 1.162890e+02 1.161980e+02 1.171904e+02 1.171001e+02
4.787300e-01 4.600000e-01 5.000000e-01 1.622190e+03 1.373580e+01 1.373580e+01 1.123470e+02 1.122840e+02 1.131836e+02 1.131210e+02
5.166070e-01 5.000000e-01 5.400000e-01 1.573490e+03 1.301400e+01 1.301400e+01 1.077370e+02 1.076970e+02 1.085202e+02 1.084804e+02
5.570370e-01 5.400000e-01 5.800000e-01 1.541590e+03 1.234290e+01 1.234290e+01 1.043630e+02 1.043320e+02 1.050904e+02 1.050596e+02
6.001470e-01 5.800000e-01 6.200000e-01 1.477980e+03 1.007940e+01 1.007940e+01 9.892530e+01 9.890240e+01 9.943746e+01 9.941468e+01
6.460700e-01 6.200000e-01 6.700000e-01 1.448860e+03 9.558890e+00 9.558890e+00 9.587720e+01 9.586090e+01 9.635253e+01 9.633631e+01
6.949380e-01 6.700000e-01 7.200000e-01 1.386870e+03 8.963670e+00 8.963670e+00 9.073580e+01 9.072250e+01 9.117748e+01 9.116424e+01
7.468910e-01 7.200000e-01 7.700000e-01 1.330720e+03 8.425830e+00 8.425830e+00 8.607420e+01 8.606360e+01 8.648562e+01 8.647507e+01
8.020760e-01 7.700000e-01 8.300000e-01 1.261610e+03 7.873960e+00 7.873960e+00 8.067640e+01 8.066810e+01 8.105974e+01 8.105148e+01
8.606390e-01 8.300000e-01 8.900000e-01 1.210710e+03 7.402860e+00 7.402860e+00 7.653970e+01 7.653400e+01 7.689687e+01 7.689119e+01
9.227390e-01 8.900000e-01 9.600000e-01 1.135160e+03 6.878560e+00 6.878560e+00 7.094550e+01 7.094200e+01 7.127818e+01 7.127469e+01
9.885310e-01 9.600000e-01 1.020000e+00 1.057040e+03 6.369320e+00 6.369320e+00 6.531010e+01 6.530820e+01 6.561995e+01 6.561806e+01
1.058179e+00 1.020000e+00 1.090000e+00 1.016040e+03 5.990910e+00 5.990910e+00 6.206160e+01 6.206070e+01 6.235009e+01 6.234919e+01
1.131857e+00 1.090000e+00 1.170000e+00 9.559730e+02 5.577310e+00 5.577310e+00 5.772790e+01 5.772770e+01 5.799670e+01 5.799650e+01
1.209740e+00 1.170000e+00 1.250000e+00 8.929910e+02 5.184430e+00 5.184430e+00 5.331180e+01 5.331180e+01 5.356329e+01 5.356329e+01
1.292014e+00 1.250000e+00 1.340000e+00 8.291220e+02 4.806870e+00 4.806870e+00 4.893750e+01 4.893750e+01 4.917301e+01 4.917301e+01
1.378867e+00 1.340000e+00 1.420000e+00 7.692040e+02 4.463480e+00 4.463480e+00 4.488730e+01 4.488730e+01 4.510867e+01 4.510867e+01
1.470504e+00 1.420000e+00 1.520000e+00 7.185740e+02 4.160350e+00 4.160350e+00 4.145990e+01 4.145990e+01 4.166812e+01 4.166812e+01
1.567134e+00 1.520000e+00 1.620000e+00 6.658370e+02 3.866590e+00 3.866590e+00 3.798550e+01 3.798550e+01 3.818179e+01 3.818179e+01
1.668976e+00 1.620000e+00 1.720000e+00 6.151820e+02 3.587210e+00 3.587210e+00 3.470320e+01 3.470320e+01 3.488811e+01 3.488811e+01
1.776254e+00 1.720000e+00 1.830000e+00 5.602230e+02 3.306370e+00 3.306370e+00 3.125150e+01 3.125150e+01 3.142592e+01 3.142592e+01
1.889208e+00 1.830000e+00 1.950000e+00 5.201930e+02 3.079450e+00 3.079450e+00 2.869790e+01 2.869790e+01 2.886265e+01 2.886265e+01
2.008088e+00 1.950000e+00 2.070000e+00 4.842050e+02 2.872980e+00 2.872980e+00 2.641960e+01 2.641960e+01 2.657535e+01 2.657535e+01
2.133153e+00 2.070000e+00 2.200000e+00 4.380620e+02 2.641890e+00 2.641890e+00 2.364200e+01 2.364200e+01 2.378915e+01 2.378915e+01
2.264675e+00 2.200000e+00 2.330000e+00 3.995010e+02 2.441680e+00 2.441680e+00 2.132880e+01 2.132880e+01 2.146810e+01 2.146810e+01
2.402944e+00 2.330000e+00 2.480000e+00 3.704510e+02 2.277050e+00 2.277050e+00 1.956720e+01 1.956720e+01 1.969925e+01 1.969925e+01
2.548258e+00 2.480000e+00 2.620000e+00 3.346350e+02 2.095850e+00 2.095850e+00 1.748950e+01 1.748950e+01 1.761463e+01 1.761463e+01
2.700928e+00 2.620000e+00 2.780000e+00 3.058810e+02 1.939920e+00 1.939920e+00 1.582090e+01 1.582090e+01 1.593939e+01 1.593939e+01
2.861284e+00 2.780000e+00 2.940000e+00 2.741320e+02 1.777720e+00 1.777720e+00 1.403390e+01 1.403390e+01 1.414605e+01 1.414605e+01
3.029667e+00 2.940000e+00 3.120000e+00 2.513240e+02 1.647900e+00 1.647900e+00 1.273700e+01 1.273700e+01 1.284316e+01 1.284316e+01
3.206441e+00 3.120000e+00 3.300000e+00 2.289730e+02 1.523630e+00 1.523630e+00 1.150740e+01 1.150740e+01 1.160783e+01 1.160783e+01
3.391987e+00 3.300000e+00 3.490000e+00 2.072130e+02 1.404420e+00 1.404420e+00 1.036300e+01 1.036300e+01 1.045773e+01 1.045773e+01
3.586699e+00 3.490000e+00 3.690000e+00 1.857720e+02 1.287320e+00 1.287320e+00 9.245880e+00 9.245880e+00 9.335068e+00 9.335068e+00
3.896284e+00 3.690000e+00 4.120000e+00 1.597670e+02 8.090930e-01 8.090930e-01 7.894260e+00 7.894260e+00 7.935614e+00 7.935614e+00
4.345946e+00 4.120000e+00 4.590000e+00 1.288890e+02 6.831390e-01 6.831390e-01 6.309350e+00 6.309350e+00 6.346225e+00 6.346225e+00
4.840430e+00 4.590000e+00 5.110000e+00 1.043900e+02 5.780070e-01 5.780070e-01 5.063840e+00 5.063840e+00 5.096721e+00 5.096721e+00
5.383946e+00 5.110000e+00 5.680000e+00 8.372020e+01 4.864820e-01 4.864820e-01 4.025480e+00 4.025480e+00 4.054769e+00 4.054769e+00
5.981111e+00 5.680000e+00 6.300000e+00 6.769810e+01 4.109860e-01 4.109860e-01 3.227410e+00 3.227410e+00 3.253473e+00 3.253473e+00
6.637003e+00 6.300000e+00 6.990000e+00 5.370690e+01 3.441160e-01 3.441160e-01 2.539370e+00 2.539370e+00 2.562580e+00 2.562580e+00
7.357199e+00 6.990000e+00 7.740000e+00 4.303510e+01 2.894440e-01 2.894440e-01 2.018720e+00 2.018720e+00 2.039365e+00 2.039365e+00
8.147812e+00 7.740000e+00 8.570000e+00 3.405300e+01 2.418210e-01 2.418210e-01 1.585290e+00 1.585290e+00 1.603628e+00 1.603628e+00
9.015572e+00 8.570000e+00 9.480000e+00 2.676160e+01 2.009810e-01 2.009810e-01 1.236860e+00 1.236860e+00 1.253083e+00 1.253083e+00
9.967835e+00 9.480000e+00 1.048000e+01 2.098270e+01 1.668980e-01 1.668980e-01 9.691830e-01 9.691830e-01 9.834483e-01 9.834483e-01
1.101267e+01 1.048000e+01 1.157000e+01 1.654840e+01 1.388140e-01 1.388140e-01 7.643640e-01 7.643640e-01 7.768666e-01 7.768666e-01
1.215895e+01 1.157000e+01 1.277000e+01 1.309820e+01 1.154170e-01 1.154170e-01 6.050010e-01 6.050010e-01 6.159118e-01 6.159118e-01
1.341641e+01 1.277000e+01 1.409000e+01 1.026150e+01 9.553990e-02 9.553990e-02 4.739750e-01 4.739750e-01 4.835082e-01 4.835082e-01
1.479574e+01 1.409000e+01 1.554000e+01 7.897130e+00 7.820080e-02 7.820080e-02 3.647650e-01 3.647650e-01 3.730534e-01 3.730534e-01
1.630867e+01 1.554000e+01 1.712000e+01 6.287910e+00 6.502100e-02 6.502100e-02 2.904360e-01 2.904360e-01 2.976253e-01 2.976253e-01
1.796800e+01 1.712000e+01 1.886000e+01 4.863040e+00 5.310250e-02 5.310250e-02 2.246220e-01 2.246220e-01 2.308136e-01 2.308136e-01
1.978782e+01 1.886000e+01 2.076000e+01 3.873360e+00 4.441600e-02 4.441600e-02 1.789090e-01 1.789090e-01 1.843399e-01 1.843399e-01
2.178358e+01 2.076000e+01 2.285000e+01 2.901750e+00 3.647310e-02 3.647310e-02 1.340310e-01 1.340310e-01 1.389050e-01 1.389050e-01
2.397225e+01 2.285000e+01 2.515000e+01 2.302240e+00 3.102460e-02 3.102460e-02 1.063400e-01 1.063400e-01 1.107733e-01 1.107733e-01
2.637239e+01 2.515000e+01 2.766000e+01 1.815610e+00 2.634490e-02 2.634490e-02 8.386230e-02 8.386230e-02 8.790301e-02 8.790301e-02
2.900438e+01 2.766000e+01 3.042000e+01 1.335970e+00 2.157710e-02 2.157710e-02 6.170790e-02 6.170790e-02 6.537152e-02 6.537152e-02
3.189057e+01 3.042000e+01 3.344000e+01 1.038990e+00 1.818630e-02 1.818630e-02 4.799050e-02 4.799050e-02 5.132085e-02 5.132085e-02
3.505548e+01 3.344000e+01 3.675000e+01 8.107320e-01 1.535370e-02 1.535370e-02 3.744740e-02 3.744740e-02 4.047275e-02 4.047275e-02
3.852592e+01 3.675000e+01 4.039000e+01 6.281020e-01 1.292110e-02 1.292110e-02 2.901180e-02 2.901180e-02 3.175908e-02 3.175908e-02
4.233140e+01 4.039000e+01 4.437000e+01 4.863290e-01 1.086380e-02 1.086380e-02 2.246330e-02 2.246330e-02 2.495239e-02 2.495239e-02
4.650423e+01 4.437000e+01 4.874000e+01 3.474300e-01 8.779280e-03 8.779280e-03 1.604770e-02 1.604770e-02 1.829220e-02 1.829220e-02
