#   H  PAMELA(2007/01-2007/02)
#   <E>  Elo  Eup   y   ystat_lo  ystat_up  ysyst_lo  ysyst_up  yerrtot_lo  yerrtot_up
8.806900e-02 8.200000e-02 9.500000e-02 7.409660e+02 3.045150e+01 3.045150e+01 7.550340e+01 6.360490e+01 8.141288e+01 7.051863e+01
9.918300e-02 9.500000e-02 1.050000e-01 7.220470e+02 3.400610e+01 3.400610e+01 7.044130e+01 6.114850e+01 7.822015e+01 6.996823e+01
1.082550e-01 1.000000e-01 1.100000e-01 8.060330e+02 2.822460e+01 2.822460e+01 7.606290e+01 6.757050e+01 8.113071e+01 7.322841e+01
1.181120e-01 1.100000e-01 1.200000e-01 8.932140e+02 3.239310e+01 3.239310e+01 8.151490e+01 7.411660e+01 8.771540e+01 8.088624e+01
1.288150e-01 1.200000e-01 1.300000e-01 9.630630e+02 2.888740e+01 2.888740e+01 8.502500e+01 7.909360e+01 8.979829e+01 8.420380e+01
1.404290e-01 1.300000e-01 1.500000e-01 1.038220e+03 2.816000e+01 2.816000e+01 8.951470e+01 8.438690e+01 9.383958e+01 8.896142e+01
1.530210e-01 1.500000e-01 1.600000e-01 1.071330e+03 2.712560e+01 2.712560e+01 9.050560e+01 8.617460e+01 9.448313e+01 9.034301e+01
1.666640e-01 1.600000e-01 1.700000e-01 1.071810e+03 2.544510e+01 2.544510e+01 8.872630e+01 8.531320e+01 9.230281e+01 8.902694e+01
1.814310e-01 1.700000e-01 1.900000e-01 1.131140e+03 2.429620e+01 2.429620e+01 9.178380e+01 8.909020e+01 9.494510e+01 9.234375e+01
1.974030e-01 1.900000e-01 2.100000e-01 1.180240e+03 2.290360e+01 2.290360e+01 9.392610e+01 9.197530e+01 9.667827e+01 9.478413e+01
2.146600e-01 2.100000e-01 2.200000e-01 1.192020e+03 2.126060e+01 2.126060e+01 9.342340e+01 9.190620e+01 9.581203e+01 9.433325e+01
2.332910e-01 2.200000e-01 2.400000e-01 1.249460e+03 2.095900e+01 2.095900e+01 9.647260e+01 9.530540e+01 9.872306e+01 9.758278e+01
2.533840e-01 2.400000e-01 2.600000e-01 1.313590e+03 2.062310e+01 2.062310e+01 9.994980e+01 9.912030e+01 1.020553e+02 1.012430e+02
2.750340e-01 2.600000e-01 2.900000e-01 1.337150e+03 1.925130e+01 1.925130e+01 1.004600e+02 9.980790e+01 1.022879e+02 1.016476e+02
2.983360e-01 2.900000e-01 3.100000e-01 1.359970e+03 1.865740e+01 1.865740e+01 1.008990e+02 1.004090e+02 1.026095e+02 1.021277e+02
3.233920e-01 3.100000e-01 3.400000e-01 1.406460e+03 1.817000e+01 1.817000e+01 1.030540e+02 1.027070e+02 1.046436e+02 1.043019e+02
3.503050e-01 3.400000e-01 3.600000e-01 1.384400e+03 1.739270e+01 1.739270e+01 1.002360e+02 9.998710e+01 1.017338e+02 1.014886e+02
3.791830e-01 3.600000e-01 3.900000e-01 1.391050e+03 1.661900e+01 1.661900e+01 9.952960e+01 9.935980e+01 1.009075e+02 1.007401e+02
4.101370e-01 3.900000e-01 4.300000e-01 1.399810e+03 1.565250e+01 1.565250e+01 9.898040e+01 9.887820e+01 1.002104e+02 1.001094e+02
4.432810e-01 4.300000e-01 4.600000e-01 1.418720e+03 1.514410e+01 1.514410e+01 9.917680e+01 9.909920e+01 1.003264e+02 1.002497e+02
4.787300e-01 4.600000e-01 5.000000e-01 1.399960e+03 1.446660e+01 1.446660e+01 9.675130e+01 9.669670e+01 9.782687e+01 9.777287e+01
5.166070e-01 5.000000e-01 5.400000e-01 1.350250e+03 1.364410e+01 1.364410e+01 9.225170e+01 9.221750e+01 9.325523e+01 9.322140e+01
5.570370e-01 5.400000e-01 5.800000e-01 1.326980e+03 1.294100e+01 1.294100e+01 8.963520e+01 8.960850e+01 9.056455e+01 9.053813e+01
6.001470e-01 5.800000e-01 6.200000e-01 1.295990e+03 8.131220e+00 8.131220e+00 8.654790e+01 8.652780e+01 8.692903e+01 8.690902e+01
6.460700e-01 6.200000e-01 6.700000e-01 1.253550e+03 7.658010e+00 7.658010e+00 8.276070e+01 8.274650e+01 8.311425e+01 8.310011e+01
6.949380e-01 6.700000e-01 7.200000e-01 1.228070e+03 7.265640e+00 7.265640e+00 8.015600e+01 8.014420e+01 8.048462e+01 8.047287e+01
7.468910e-01 7.200000e-01 7.700000e-01 1.182940e+03 6.843010e+00 6.843010e+00 7.633000e+01 7.632050e+01 7.663613e+01 7.662666e+01
8.020760e-01 7.700000e-01 8.300000e-01 1.131570e+03 6.421100e+00 6.421100e+00 7.218130e+01 7.217390e+01 7.246634e+01 7.245897e+01
8.606390e-01 8.300000e-01 8.900000e-01 1.078440e+03 6.012130e+00 6.012130e+00 6.800480e+01 6.799970e+01 6.827004e+01 6.826496e+01
9.227390e-01 8.900000e-01 9.600000e-01 1.021440e+03 5.613050e+00 5.613050e+00 6.367250e+01 6.366930e+01 6.391943e+01 6.391624e+01
9.885310e-01 9.600000e-01 1.020000e+00 9.659710e+02 5.231660e+00 5.231660e+00 5.952470e+01 5.952300e+01 5.975416e+01 5.975247e+01
1.058179e+00 1.020000e+00 1.090000e+00 9.143490e+02 4.890370e+00 4.890370e+00 5.569830e+01 5.569750e+01 5.591258e+01 5.591178e+01
1.131857e+00 1.090000e+00 1.170000e+00 8.631510e+02 4.575050e+00 4.575050e+00 5.197770e+01 5.197750e+01 5.217866e+01 5.217846e+01
1.209740e+00 1.170000e+00 1.250000e+00 8.154870e+02 4.284690e+00 4.284690e+00 4.854630e+01 4.854630e+01 4.873502e+01 4.873502e+01
1.292014e+00 1.250000e+00 1.340000e+00 7.563320e+02 3.976540e+00 3.976540e+00 4.451120e+01 4.451120e+01 4.468847e+01 4.468847e+01
1.378867e+00 1.340000e+00 1.420000e+00 7.095580e+02 3.716850e+00 3.716850e+00 4.128330e+01 4.128330e+01 4.145028e+01 4.145028e+01
1.470504e+00 1.420000e+00 1.520000e+00 6.647440e+02 3.472000e+00 3.472000e+00 3.823720e+01 3.823720e+01 3.839451e+01 3.839451e+01
1.567134e+00 1.520000e+00 1.620000e+00 6.200140e+02 3.239290e+00 3.239290e+00 3.526110e+01 3.526110e+01 3.540958e+01 3.540958e+01
1.668976e+00 1.620000e+00 1.720000e+00 5.686830e+02 2.995840e+00 2.995840e+00 3.197790e+01 3.197790e+01 3.211793e+01 3.211793e+01
1.776254e+00 1.720000e+00 1.830000e+00 5.272810e+02 2.787730e+00 2.787730e+00 2.931800e+01 2.931800e+01 2.945024e+01 2.945024e+01
1.889208e+00 1.830000e+00 1.950000e+00 4.886680e+02 2.595240e+00 2.595240e+00 2.686880e+01 2.686880e+01 2.699385e+01 2.699385e+01
2.008088e+00 1.950000e+00 2.070000e+00 4.515170e+02 2.413200e+00 2.413200e+00 2.455210e+01 2.455210e+01 2.467041e+01 2.467041e+01
2.133153e+00 2.070000e+00 2.200000e+00 4.177900e+02 2.244890e+00 2.244890e+00 2.246940e+01 2.246940e+01 2.258126e+01 2.258126e+01
2.264675e+00 2.200000e+00 2.330000e+00 3.776790e+02 2.066210e+00 2.066210e+00 2.009200e+01 2.009200e+01 2.019796e+01 2.019796e+01
2.402944e+00 2.330000e+00 2.480000e+00 3.477500e+02 1.920520e+00 1.920520e+00 1.830140e+01 1.830140e+01 1.840189e+01 1.840189e+01
2.548258e+00 2.480000e+00 2.620000e+00 3.239390e+02 1.795230e+00 1.795230e+00 1.686760e+01 1.686760e+01 1.696286e+01 1.696286e+01
2.700928e+00 2.620000e+00 2.780000e+00 2.954490e+02 1.660010e+00 1.660010e+00 1.522340e+01 1.522340e+01 1.531364e+01 1.531364e+01
2.861284e+00 2.780000e+00 2.940000e+00 2.666140e+02 1.527000e+00 1.527000e+00 1.359620e+01 1.359620e+01 1.368168e+01 1.368168e+01
3.029667e+00 2.940000e+00 3.120000e+00 2.434700e+02 1.413170e+00 1.413170e+00 1.229030e+01 1.229030e+01 1.237128e+01 1.237128e+01
3.206441e+00 3.120000e+00 3.300000e+00 2.193370e+02 1.299700e+00 1.299700e+00 1.097890e+01 1.097890e+01 1.105556e+01 1.105556e+01
3.391987e+00 3.300000e+00 3.490000e+00 1.998610e+02 1.202560e+00 1.202560e+00 9.954800e+00 9.954800e+00 1.002717e+01 1.002717e+01
3.586699e+00 3.490000e+00 3.690000e+00 1.805180e+02 1.106440e+00 1.106440e+00 8.947580e+00 8.947580e+00 9.015731e+00 9.015731e+00
3.896284e+00 3.690000e+00 4.120000e+00 1.535380e+02 6.915370e-01 6.915370e-01 7.554940e+00 7.554940e+00 7.586524e+00 7.586524e+00
4.345946e+00 4.120000e+00 4.590000e+00 1.282820e+02 5.940270e-01 5.940270e-01 6.253040e+00 6.253040e+00 6.281192e+00 6.281192e+00
4.840430e+00 4.590000e+00 5.110000e+00 1.034120e+02 5.012020e-01 5.012020e-01 4.994760e+00 4.994760e+00 5.019844e+00 5.019844e+00
5.383946e+00 5.110000e+00 5.680000e+00 8.255700e+01 4.208840e-01 4.208840e-01 3.952130e+00 3.952130e+00 3.974478e+00 3.974478e+00
5.981111e+00 5.680000e+00 6.300000e+00 6.605460e+01 3.536600e-01 3.536600e-01 3.134990e+00 3.134990e+00 3.154875e+00 3.154875e+00
6.637003e+00 6.300000e+00 6.990000e+00 5.246530e+01 2.963350e-01 2.963350e-01 2.469400e+00 2.469400e+00 2.487117e+00 2.487117e+00
7.357199e+00 6.990000e+00 7.740000e+00 4.242740e+01 2.504420e-01 2.504420e-01 1.981030e+00 1.981030e+00 1.996798e+00 1.996798e+00
8.147812e+00 7.740000e+00 8.570000e+00 3.332560e+01 2.084370e-01 2.084370e-01 1.544160e+00 1.544160e+00 1.558164e+00 1.558164e+00
9.015572e+00 8.570000e+00 9.480000e+00 2.680630e+01 1.752440e-01 1.752440e-01 1.233040e+00 1.233040e+00 1.245431e+00 1.245431e+00
9.967835e+00 9.480000e+00 1.048000e+01 2.116340e+01 1.459630e-01 1.459630e-01 9.728780e-01 9.728780e-01 9.837666e-01 9.837666e-01
1.101267e+01 1.048000e+01 1.157000e+01 1.682360e+01 1.218300e-01 1.218300e-01 7.733780e-01 7.733780e-01 7.829151e-01 7.829151e-01
1.215895e+01 1.157000e+01 1.277000e+01 1.289140e+01 9.968820e-02 9.968820e-02 5.926150e-01 5.926150e-01 6.009412e-01 6.009412e-01
1.341641e+01 1.277000e+01 1.409000e+01 1.020750e+01 8.298000e-02 8.298000e-02 4.692370e-01 4.692370e-01 4.765176e-01 4.765176e-01
1.479574e+01 1.409000e+01 1.554000e+01 7.949660e+00 6.835340e-02 6.835340e-02 3.654450e-01 3.654450e-01 3.717825e-01 3.717825e-01
1.630867e+01 1.554000e+01 1.712000e+01 6.242070e+00 5.644470e-02 5.644470e-02 2.869470e-01 2.869470e-01 2.924459e-01 2.924459e-01
1.796800e+01 1.712000e+01 1.886000e+01 4.868410e+00 4.630480e-02 4.630480e-02 2.238000e-01 2.238000e-01 2.285401e-01 2.285401e-01
1.978782e+01 1.886000e+01 2.076000e+01 3.780210e+00 3.821030e-02 3.821030e-02 1.737760e-01 1.737760e-01 1.779273e-01 1.779273e-01
2.178358e+01 2.076000e+01 2.285000e+01 2.933070e+00 3.190130e-02 3.190130e-02 1.348330e-01 1.348330e-01 1.385555e-01 1.385555e-01
2.397225e+01 2.285000e+01 2.515000e+01 2.248420e+00 2.667580e-02 2.667580e-02 1.033590e-01 1.033590e-01 1.067459e-01 1.067459e-01
2.637239e+01 2.515000e+01 2.766000e+01 1.725640e+00 2.234850e-02 2.234850e-02 7.932740e-02 7.932740e-02 8.241536e-02 8.241536e-02
2.900438e+01 2.766000e+01 3.042000e+01 1.352280e+00 1.889100e-02 1.889100e-02 6.216410e-02 6.216410e-02 6.497111e-02 6.497111e-02
3.189057e+01 3.042000e+01 3.344000e+01 1.040870e+00 1.584200e-02 1.584200e-02 4.784860e-02 4.784860e-02 5.040295e-02 5.040295e-02
3.505548e+01 3.344000e+01 3.675000e+01 8.136060e-01 1.338770e-02 1.338770e-02 3.740130e-02 3.740130e-02 3.972515e-02 3.972515e-02
3.852592e+01 3.675000e+01 4.039000e+01 6.363110e-01 1.132130e-02 1.132130e-02 2.925110e-02 2.925110e-02 3.136557e-02 3.136557e-02
4.233140e+01 4.039000e+01 4.437000e+01 4.828690e-01 9.424640e-03 9.424640e-03 2.219740e-02 2.219740e-02 2.411531e-02 2.411531e-02
4.650423e+01 4.437000e+01 4.874000e+01 3.412320e-01 7.576120e-03 7.576120e-03 1.568640e-02 1.568640e-02 1.742012e-02 1.742012e-02
