#   He  Balloon(1964/09)
#   <E>  Elo  Eup   y   ystat_lo  ystat_up  ysyst_lo  ysyst_up  yerrtot_lo  yerrtot_up
4.520000e-01 4.080000e-01 4.920000e-01 4.467500e+01 7.700000e+00 7.700000e+00 0.000000e+00 0.000000e+00 7.700000e+00 7.700000e+00
6.000000e-01 4.920000e-01 6.920000e-01 5.057500e+01 6.025000e+00 6.025000e+00 0.000000e+00 0.000000e+00 6.025000e+00 6.025000e+00
8.160000e-01 6.920000e-01 9.360000e-01 4.680000e+01 8.600000e+00 8.600000e+00 0.000000e+00 0.000000e+00 8.600000e+00 8.600000e+00
1.068000e+00 9.360000e-01 1.184000e+00 6.545000e+01 6.000000e+00 6.000000e+00 0.000000e+00 0.000000e+00 6.000000e+00 6.000000e+00
1.468000e+00 1.184000e+00 1.736000e+00 7.515000e+01 5.850000e+00 5.850000e+00 0.000000e+00 0.000000e+00 5.850000e+00 5.850000e+00
2.060000e+00 1.736000e+00 2.336000e+00 6.822500e+01 7.400000e+00 7.400000e+00 0.000000e+00 0.000000e+00 7.400000e+00 7.400000e+00
2.676000e+00 2.336000e+00 2.984000e+00 5.382500e+01 5.550000e+00 5.550000e+00 0.000000e+00 0.000000e+00 5.550000e+00 5.550000e+00
3.340000e+00 2.984000e+00 3.684000e+00 3.812500e+01 3.550000e+00 3.550000e+00 0.000000e+00 0.000000e+00 3.550000e+00 3.550000e+00
